Q1:
1. 5016
2. 5112
3. 5930
4. 5112
5. 6001
6. 5112
7. 5112
8. 5930

Q2:
1. a: 216, b: 579, c: 942, d: 1305, e: 1668
2. a: 579, b: 942, c: x, d: x, e: 942

Q3:
1.
(1−0.125)*370+0.125*200=    348.75 ms
2.
(1−0.25)*26+0.25*148.75=    56.6875 ms
3.
348.75+4*56.6875=           575.5 ms
4.
0.875*348.75+0.125*390=     353.90625 ms
5.
0.75*56.6875+0.25*36.09375= 51.5390625 ms
6.
353.90625+4*51.5390625=     560.0625 ms
7.
0.875*353.90625+0.125*390=  358.41796875 ms
8.
0.75*51.5390625+0.25*31.58203125=   46.5498046875 ms
9.
358.41796875+4*46.5498046875=       544.6171875 ms

Q4:
1. 1,2,3,4,6,10,17,18,20,27,28
2. 5,7,8,9,11,12,13,14,15,19,21,22,23,24,25,26,29,30,31,33,34,35,36,37
3. 16,32
4. 3,5,9,16,19,26
5. 15,31
6. 4,6,10,16,20,27,32

Q5:
1. 178
2. 660
3. 1142
4. 1624
5. 2106
6. 660
7. 1142
8. x
9. x
10. x
11. 2588
12. x
13. x
14. x
15. x
